               precision    recall  f1-score   support

   app_bundle     1.0000    1.0000    1.0000      2268
      archive     1.0000    1.0000    1.0000      4710
        audio     1.0000    0.9992    0.9996      3561
   backup_dir     1.0000    1.0000    1.0000      1296
 build_output     0.9834    0.9684    0.9758      9592
    cache_dir     0.9984    0.9982    0.9983     10607
   cache_file     0.9999    1.0000    1.0000     12203
 cargo_target     0.9613    0.9808    0.9710      7354
  config_file     1.0000    1.0000    1.0000     10351
    directory     1.0000    0.9994    0.9997     24773
   disk_image     1.0000    1.0000    1.0000      1350
     document     1.0000    0.9997    0.9999      6863
   executable     1.0000    1.0000    1.0000      4748
         file     0.9999    0.9999    0.9999     15862
      git_dir     1.0000    0.9997    0.9998      6054
        image     0.9993    1.0000    0.9997      5777
language_file     0.9973    1.0000    0.9987      2603
  library_dir     0.9998    1.0000    0.9999      5544
 library_file     1.0000    1.0000    1.0000      5204
      log_dir     0.9985    1.0000    0.9993      6777
     log_file     1.0000    1.0000    1.0000      8818
  object_file     1.0000    1.0000    1.0000      6872
 python_cache     0.9995    1.0000    0.9998      6522
         root     1.0000    1.0000    1.0000      1500
  source_code     1.0000    0.9996    0.9998     12917
        trash     1.0000    1.0000    1.0000      1289
        video     1.0000    1.0000    1.0000      2958

     accuracy                         0.9974    188373
    macro avg     0.9977    0.9980    0.9978    188373
 weighted avg     0.9974    0.9974    0.9974    188373
